1025237
1025899
1026066
1026336
1027390
1026311
1024438
1027597
1025246
1024698
1024176
1025351
1026772
1025989
1027163
1026239
1026739
1023888
1025496
1025949
1027741
1024703
1025348
1024902
1027748
1027636
1023966
1026557
1238107
1026263
1024597
1027338
1027031
1025898
1027168
1026800
1024834
1024273
1024738
1024889
1023623
1024102
1026523
1026164
1026607
1026165
1026737
1026350
1024319
1024829
1023346
1024966
1238105
1026076
1023413
1023978
1026913
1024275
1023454
1027157
1026934
1025979
1023831
1026420
1024116
1024026
1024408
1238104
1023949
1024788
1027786
1023841
1025841
1026669
1023878
1023537
1027087
1025742
1027386
1026881
1027224
1025475
1026884
1025551
1026372
1026240
1026156
1026284
1024936
1027517
1024933
1023614
1025274
1026353
1023584
1027088
1027001
1025992
1024739
1023339
1024609
1027333
1023660
1025683
1024918
1025134
1024679
1026123
1027243
1027391
1025302
1023548
1024305
1023453
1024797
1026422
1026536
1026743
1026742
1024321
1023424
1026036
1027541
1025386
1238115
1027437
1026205
1238159
1238113
1025792
1023387
1024332
1026720
1238101
1025098
1238097
1026125
1027649
1238112
1238096
1238110
1025047
1027433
1026083
1023999
1026160
1023871
1027642
1027327
1025736
1238091
1026318
1024727
1025668
1024407
1238090
1238088
1238089
1026726
1238160
1025136
1238221
1023398
1025088
1024646
1026943
1024356
1023803
1023828
1027623
1024964
1023651
1025282
1027525
1024995
1023667
1024978
1023641
1238154
1023753
1024627
1238155
1023864
1023980
1027526
1025725
1023977
1024734
1026298
1025816
1027474
1023417
1025945
1023414
1027363
1026007
1025239
1024441
1025294
1027081
1238157
1024631
1023649
1027528
1023826
1023648
1024272
1027656
1025259
1027321
1238156
1025097
1027105
1024990
1024737
1025221
1026079
1027634
1026519
1027616
1023771
1023383
1238184
1024996
1023580
1023877
1025978
1024754
1238192
1024008
1025763
1024398
1024661
1023832
1023665
1026136
1023409
1238171
1024355
1025277
1238100
1238170
1023836
3170836
1025002
1238218
1026933
1023645
1027802
1023401
1023663
1023630
1025070
1027577
1025568
1027778
1238152
1024793
1024984
1025278
1023825
1023991
1023432
1025008
1027279
1238195
1026256
1026294
1238198
1025466
1024016
1026521
1024766
1026351
1027256
1027310
1026417
1024420
1024783
1238161
1025499
1025815
1027025
1026378
1023635
1238117
1024869
1026185
1238138
1027569
1238172
1026645
1026085
1238158
1238176
1026207
1024927
16608337
1023345
1027640
1025962
1026829
1026938
1023833
16608342
1024390
16608366
1023785
1024119
1024267
1024393
1025248
1026887
1023682
1025073
3170838
1024584
1238180
1026349
1026361
1238092
1238179
1238211
1024668
1024389
1026092
1025785
1026484
1027723
1024222
1024206
1026043
1023703
1026876
1024639
1027479
1026674
1023879
1023867
1023852
1238065
1238068
1026223
1238212
1238064
1238066
1238067
1027348
1238070
1238213
1025276
1024414
1238069
1025057
16608310
16608339
16608328
16608320
1027506
1026833
1027324
1026486
1238120
1023381
1025554
1023997
1026549
1238119
1027336
1023756
1024911
1026292
1024896
1024020
1026342
1027669
1238167
1027366
1025293
1025273
1023808
1238164
1026134
1238166
1024336
1023504
1025829
16608301
1024278
1238094
1238095
1025330
1025089
1025317
1025082
1238080
3170825
1023642
1023683
1024427
1027038
1025195
1026424
1024371
1024777
1027485
1023455
1238241
1024341
1026537
1238072
1238178
1026698
1023843
1238074
1025967
1024346
1024376
1027548
16608372
1024340
1024795
1024032
1024354
1238248
1024825
16608347
1023400
1025824
1026119
1023974
16608363
16608335
1024261
16608326
1238244
1027609
1024106
16608352
1025106
1238174
1027020
1238079
1023805
1238175
1027375
1238078
1238116
1238114
1238073
1238077
1238189
1238237
1238247
1023568
1024086
1024337
1027427
1026431
1023898
1024209
1027546
1024368
1025238
1023467
1026418
1026660
1027774
1024465
1026885
1026655
1026009
1024753
1025312
1025227
1024297
1026182
1025257
1024179
1024039
1027343
1024491
1026504
1025354
1024028
1027801
1026947
1024749
1027112
1025041
1025114
1027148
1023368
1023869
1024055
1024405
1027098
1026991
1023863
1025357
1024497
1024549
1025430
1024833
1027141
1024440
1024915
1024276
1027202
1027415
1024536
1026473
1026575
1026042
1023853
1026300
1027624
1025581
1024377
1027531
1024036
1027036
1024306
1024421
1027544
1027476
1027401
1023901
1025927
1023881
1026992
1027113
1025513
1026517
1027724
1026593
16608331
1025006
1027129
1024675
1025726
1027552
1026618
1023791
16608362
1027449
1026461
1024230
1027189
1024425
1025603
1026920
1026840
1025473
1024490
1027176
1024157
1024097
16608367
1023725
1024635
1026871
1026878
1025268
1025068
1024283
1026188
1025319
1026162
1025986
1024246
1026527
1027253
1023526
1025183
1027538
1026776
1027627
1026554
1026226
1025620
1026561
1023672
1025635
1025662
1024198
1024802
1026135
1023996
1024115
1027646
1024158
1027478
1025086
1023680
1023932
1025545
1026288
1023589
1027139
1026034
1025969
1025267
1024001
1024018
1025188
1025948
1026360
1027796
1025446
1025880
1025104
1024547
16608341
1027292
1025565
1027719
1023924
1027373
1025143
1026073
3170827
1023452
1024730
1027299
1023591
1025849
1026141
1024094
1025010
1023845
1023987
1027275
1238128
1025222
1025046
1238232
1025732
1026199
1238020
16608340
1025205
1024065
1024903
1025560
16608349
1025931
1023510
1026231
1027258
1025253
1023820
1024082
1026957
16608334
1024944
1027473
1026912
1026909
1024242
1024808
1024387
1024302
1023884
1024760
1026650
1024163
1026495
1025743
1024818
1238224
1027334
1027606
1027566
1026888
1026658
1026169
1024560
1024914
1238009
1026757
1026307
1023353
1238261
1026397
1027783
1025492
1024126
1025027
1024274
1025543
1238136
1025390
1024084
1026391
1026847
1024235
1024634
1025001
1238039
1023653
1026192
1025279
1026184
1025045
1026058
1024349
1026317
1026616
1026621
1026931
1027354
1025262
1023616
1238126
1238102
1025657
1023370
1027263
1024973
1025103
1027441
1026163
1023590
1026566
1238129
1027615
1027181
1238252
1025559
1238177
1025228
1026166
1023646
1026710
1025831
1023774
1024745
1023827
1023659
1024294
1027028
1023855
1026309
1025051
1026765
1023847
1027222
1026245
1025595
1024776
1238124
1025562
1027154
1027767
1026396
1025730
1024201
1026958
1026452
1025110
1024360
1026767
1238183
16608329
1238008
1027482
1026178
1026264
1026045
1026327
1026323
16608308
1025514
1025063
1026643
1024856
1027714
1027284
1027768
1024656
1238233
1027533
1026955
1025320
1026172
1024388
1024117
1025074
1026970
1026568
1027558
1027331
1027773
1025987
1027445
1027166
1024877
1027637
1025890
1024188
1024330
1024064
1023411
1025897
1025957
1026866
1025081
1024683
1025753
1023376
1026132
1024844
1025003
1025525
1027709
16608332
1026315
1026509
1025774
1024399
1025775
1025404
1024846
1023371
1027053
1027059
1026112
1025366
1024529
1027438
1025022
16608355
1026021
1027257
1027118
1026679
1023463
1027107
1025807
1025449
16608356
1023942
1026053
1023626
1024882
1027204
1023973
1027511
1026087
1026025
1023810
1027453
1027261
1026768
1025711
1025178
1023794
1023654
1024585
1027753
1025700
1023542
1026181
1025456
1023676
1025483
1026576
1023498
1026843
1023340
1026325
1026703
1027795
1025548
1026654
1025959
1026651
1027090
1025396
1024277
1026718
1025982
1027757
1024247
1023793
1025163
1026139
1026721
1026445
1025944
1023912
1026109
1027067
1024191
1024701
1026863
1026096
1026189
1026479
1024551
1026825
1027317
1025144
1025722
1026225
1025168
1027446
1026250
1026612
1023907
1023759
1026780
1026428
1027550
1026653
1026435
1026027
1025204
1024286
1026873
1023769
1027232
1027200
1025242
1026696
1023728
1027598
1026727
1023527
1024309
1024227
1025808
1026290
1026505
1023545
1025521
1024240
1026234
1023807
1027499
1023572
1025435
1025218
1023611
1024870
1025593
1023550
1027371
1023946
1027346
1025049
1023457
1238201
1026419
1024736
1027800
1023420
1026960
1027303
1023732
1026822
1023885
1024847
1025132
1025809
1026404
1026810
1023766
1026000
1025645
1025613
1024429
1027744
1027487
1024563
1024694
1027307
1023658
1024051
1027122
1025936
1025710
1026732
1026147
1024559
1023750
1026500
1023576
1026766
1024025
1027146
1027402
1027164
1025376
1025125
1024864
1027440
1026221
1023488
1026805
1026946
1025353
1024291
1023950
1025064
1023734
1023600
1023586
1026941
1025050
1027095
1027435
1027498
1027777
1025617
1023521
1025887
1023478
1027280
1023446
1024062
1027761
1027405
1027483
1027000
1026711
1026559
1026274
1025686
1027607
1025550
1026498
1025503
1027144
1026586
1025270
1025332
1027077
1026343
1026253
1027124
1024617
1027564
1024144
1025368
1027187
1025325
1027519
1024610
1025515
1027184
1024554
1027687
1026558
1023770
1026434
1026555
1027061
1024493
1026277
1024112
1025853
1024857
1026668
1024633
1027264
1026228
1024880
1027477
1025424
1026832
1026190
1027781
1025055
1026464
1023686
1023519
1025083
1024184
1024359
1023993
1027495
1027576
1027377
1024475
1026534
1027268
1023722
1027358
1026293
1023468
1023372
1027804
1026104
1026755
1026458
1026512
1023984
1024487
1027565
1027732
1027426
1027251
1024381
1026046
1025806
1027419
1026322
1027083
1025920
1024532
1026811
1025113
1025847
1023399
1025324
1027288
1026316
1026304
1023445
1026583
1025946
1024546
1024489
1026382
1025814
1027079
1026778
1025996
1026839
1023493
1024207
1025771
1024518
1023872
1025719
1023480
1025641
1025412
1025149
1026667
1026395
1026670
1026661
1025900
1026149
1023790
1026471
1026198
1024468
1026635
1025843
1023602
1025421
1023922
1026440
1026691
1027234
1026628
1024458
1024446
1025406
1024123
1024070
1026646
1024814
1027622
1025436
1026140
1024531
1024299
1026838
1238196
1026480
1026905
1025415
1023364
1027450
1027638
1025871
1026700
1023701
1025153
1026491
1026447
1026590
1026746
1023954
1027717
1027650
1027679
1023390
1026659
1027323
1026976
1026636
1026689
1027384
1027451
1026820
1027486
1023908
1023719
1025852
1026469
1024069
1027463
1023494
1027287
1026622
1238229
1024522
1024552
1025974
1025984
1026759
1027309
1027252
1026709
1025432
1023605
1027611
1023941
1026904
1025410
1027683
1238134
1027455
1026895
1027365
1027198
1026443
1025530
1023357
1023444
1024540
1027590
1025301
1025306
1027138
1024228
1026341
1027787
1026358
1026483
1025187
1026261
1023804
1025417
1027425
1025307
1025427
1024079
1024989
1024601
16608364
1025556
1027383
1027206
1025752
1024259
1025213
1027746
1027385
1023458
1025362
1027406
1026442
1023882
1026844
1024311
1025972
1026146
1025212
1025058
1025680
1023582
1025963
1026693
1027235
1027604
1026914
1025893
1024606
1025350
1024926
1025395
1024164
1026451
1025226
1025667
1024450
1023891
1023947
1024412
1026966
1024968
1027573
1238151
1024072
1024129
1027458
1026514
1024323
1027747
1025596
1026869
1023553
1027341
1025533
1023760
1026373
1024556
1027759
1024543
1027071
1027670
1024572
1026953
1026224
1027300
1024418
1026470
1023588
1026101
1025286
1025059
1026874
1026792
1027682
1024383
1026039
1024747
1027403
16608346
1023349
1027372
1027201
1027130
1024581
1023577
1025728
1026439
1023708
1026354
1025329
1027539
1027595
1027180
1026481
1024657
1027769
1026450
1027359
1026122
1025318
1026356
1024545
1026940
1027766
1027142
1025607
1027040
1026806
1027213
1023406
1025858
1023710
1024308
1024352
1027703
1023551
1027262
1027211
1024205
1023716
1025373
1023574
1026355
1023615
1024542
1027089
1026652
1026535
1025767
1023394
1023989
1023776
1025217
1025768
1027311
1025491
1025428
1024574
1025590
1027165
1023967
1027216
1023723
1024916
1026610
1024060
1024077
1026271
1024983
1024971
1027352
1027174
1026130
1027560
1024881
1023812
1026268
1024872
1023655
1024997
1024722
1238149
1238150
1026706
1238148
1024515
1024288
1023768
1025605
1023913
1027505
1025255
1024110
1023829
1026663
1026867
1025998
1026751
1023792
1026979
1025431
1026631
1027430
1024156
1024710
1026580
1023513
1027272
1024618
1026503
1026161
1026836
1024648
16608351
1026587
1026939
1027381
1026213
1027516
1025224
1027772
1027749
1026254
1025470
1025405
1026238
1023482
1025597
1023483
1025859
1023566
1026402
1023561
1025128
1023677
1023429
1026446
1026627
1027326
1025331
1023914
1023669
1024265
1023822
1025438
1024462
1025813
1026736
1027803
1023610
1024682
1025284
1026050
1024629
1023873
1027501
1026044
1025472
16608354
1026929
1024304
1025269
1025272
1025938
1024623
1027654
1024128
1024218
1024604
1027799
1025744
1024298
1026715
1023886
1025160
1026121
1026407
1025133
1025932
1024538
1027229
1026408
1024904
1024988
1025335
1024706
1024960
1025779
1023743
1025601
1024970
1025455
1023815
1024374
1027035
1027064
1024217
1025247
16608359
1025692
1026255
1026741
1023687
1026220
1026837
1026945
1023367
1027424
1024481
1023578
1238125
1023604
1027349
1023938
1025225
1023951
1026862
1023594
16608324
1025184
1026171
1024689
1024943
1026385
1025888
1027658
1025090
1023761
1024643
1024884
1025009
1027794
1025271
1024068
1025233
1026211
1023628
1023921
1024409
1025833
1025536
1026747
1024874
1023450
1024979
1025973
1024704
1025873
1024688
1025323
1027339
1025995
1024890
1024289
1027678
1024640
1024239
1025837
1024234
1026916
1023925
1025921
1025561
1027587
1024942
1024912
1025303
1026799
1024460
1024919
1024862
1027015
1027014
1027559
1023972
1025024
1025906
16608319
1024479
1027069
1024835
1024334
1024059
1026854
1027228
16608302
1025185
1025506
1025507
1026730
1024326
1024867
1026148
1025793
1025485
1024452
1025799
1027315
1024602
1024724
1027209
1023448
1024483
1024778
1026187
1023916
1026299
1025346
1024992
1024400
1024279
1026673
1024742
1027207
1024000
16608365
1027585
1026306
1026997
1026229
1024040
1024716
1024338
1024190
1025870
1023862
1024986
1024665
1026906
1025486
1025186
1024728
1024819
1026106
1025531
1026237
1027076
1023529
1027434
1025394
1027447
1024651
1025570
1026054
1024182
16608348
1023799
1027085
1024713
1026158
1025316
1025140
1027049
1024257
1024954
1025907
1023552
1023765
1024598
1027208
1023569
1238060
1023428
1027725
1027218
1027480
1027220
1024017
1027006
1023911
1023928
1024696
1023969
1027136
1025918
1027362
1026301
1023789
1026892
1024139
1025189
1023612
1023896
1024013
1023485
1024785
1023837
1026937
1023754
1024229
1026773
1024133
1025919
1024920
1024014
1027003
1027700
1023747
1024402
1027736
1024949
1024223
1025093
1025891
1023988
1025666
1026482
1025071
1027468
1026295
1024159
1025836
1024132
1023926
1025717
1025886
1024873
1025065
1024500
1026019
1025676
1023736
1024372
1024496
1026071
1023933
1025347
1027345
1025875
1024842
1024837
1023857
1025102
1026808
1025627
1027005
1023739
1027484
1027599
1024940
1024821
1026326
1026319
1026145
1024534
1025223
1024089
1023362
1025874
1027491
1023889
1027241
1024467
1026138
1026030
1025821
1027756
1023755
1024791
1026713
1023958
1025480
1026638
1025208
1027196
1026348
1027042
1027663
1026784
1023393
1026454
1025374
1027318
1027149
1025207
1025612
1025971
1027521
1027693
1026174
1026637
1024197
1025780
1025505
1026551
1025442
1026750
1026830
1024443
1027214
1026031
1025537
1025993
1027106
1025111
1026972
1023506
1026522
1023859
1025215
1023870
1026845
1023994
1024714
1026816
1025342
1026320
1023935
1025651
1025712
1026556
1025660
1026283
1025517
1024506
1026634
1024292
1026872
1024612
1025542
1026675
1025761
1024977
1025822
1023918
1025764
1026712
1025910
1026642
1025758
1026041
1024296
1023706
1024505
1023802
1024946
1025770
1024967
1024901
1026437
1026648
1026791
1025980
1027413
1025311
1024464
1027580
1023599
1025896
1027543
1027097
1026278
1025706
1025040
1025773
1024268
1024952
1026915
1026676
1024422
1027013
1025461
1023581
1024644
1023384
1024406
1024214
1024168
1026269
1025495
1023930
1025672
1024260
1025451
1025200
1025173
1027461
1026701
1026644
1024673
1027221
1026788
1026560
1025460
1026312
1025364
1238250
1027532
1024155
1023910
1024067
1026532
1024787
1024058
1023936
1025152
1026103
1027608
1023509
1026020
1026394
1027255
1026520
1025053
1238230
1023544
1025478
16608309
1025122
1026857
1024385
1024417
1025942
1025670
1027034
1025037
1024322
16608350
1026763
1023834
1024517
1025805
1024762
1023583
1024735
1025416
1024080
1024765
1026733
1025602
1024042
1023781
1024855
1024478
1024652
1023874
1025737
1025401
1025883
1024172
1025552
1024366
1025482
1024962
1023369
1027117
1025876
1025130
1026467
1025679
1025881
1026764
1026928
1023796
1023787
1027260
1025828
1026276
1023378
1026401
1025199
1026671
1024419
1027643
1024985
1024674
1023693
1024951
1027722
1026814
1027549
1024181
1025965
1025365
1025526
1025955
1027398
1026531
1023634
1025547
1024681
1027050
1027286
1024219
1024169
1026570
1027125
1024900
1026033
1026564
1026983
1023894
1026987
1024096
1026605
1024180
1025145
1238214
1027633
16608353
1024763
1026641
1026105
1023668
1026899
1027518
1024457
1023554
1026068
1026321
1027238
1023536
1024241
1024195
1026562
1027301
1027652
1024073
1024514
1023856
1027743
1025327
1027536
1027382
1024508
1023897
1026133
1025636
1027765
1024775
1024154
1025714
1024544
1026456
1023801
1026543
1026677
1023496
1026478
1027647
1023730
1026921
1027389
1027522
1023487
1025096
1027137
1026155
1027688
1026917
1026064
1026243
1026383
1023817
1026116
1025964
1027102
1023721
1026022
1026786
1026453
1026802
1026591
1023854
1024012
1025261
1025727
1025968
1026665
1026546
1024118
1026449
1026850
1023953
1025524
1027152
1024811
1026807
1026359
1026639
1025640
1027134
1027537
1024587
1023937
1026977
1026886
1024956
1026002
1024004
1024729
1024801
1025928
1024899
1026738
1024925
1024963
1024384
1026758
1025917
1023731
1024806
1024558
1027496
1025923
1023741
1024772
1025697
1238127
1026683
1027452
1027395
1026029
1025094
1023575
1023598
1024813
1023981
1027054
1025048
1025832
1023644
1026923
1027298
1025983
1027285
1025520
1024697
1026080
1026230
1026962
1027203
1025622
1023726
1023738
1027091
1025729
1025845
1025904
1027236
1024140
1027686
1025266
1027075
1027738
1024885
1027681
1025158
1024300
1026208
1024908
1024691
1024439
1024379
1025479
1027231
1025790
1025121
1025825
1027690
1025457
1027160
1024287
1027128
1027625
1025383
1027265
1027116
1024113
1024162
1027175
1024019
1025193
1023767
1025599
1024456
1024009
1023795
1025139
1025131
1025838
1024107
1025633
1027227
1025687
1023471
1024512
1024620
1024637
1027702
1025865
1025735
1026275
1027752
1027555
1024127
1024663
1026287
1026624
1024858
1024632
1025941
1026013
1025502
1026753
1024224
1026540
1025005
1024284
1027605
1025757
1027230
1023782
1026682
1026099
1026993
1027212
1025802
1024596
1025586
1024641
1026963
1026035
1023462
1024854
1025695
1026260
1025934
1026038
1023503
1026959
1026170
1023952
1023404
1027601
1026063
1023377
1023514
1024594
1023573
1024045
1027225
1024160
1024592
1023352
1025960
1027278
1026183
1025609
1025685
1025812
16608357
1024271
1027563
1024442
1024256
1025619
1027291
1024720
1023943
1024105
1024826
1025165
1025243
1026604
1026858
1026296
1027350
1025290
1023975
1025151
1026563
1026346
1024459
1027620
1026291
1024649
1024939
1027422
1024548
1023392
1023923
1025704
1027561
1027092
1025810
1024509
1025462
1025637
1025124
1025655
1026516
1025403
1026097
1027610
1025947
1024063
1023712
1027592
1027618
1023354
1027283
1024314
1027355
1027570
1025894
1023437
1025819
1024576
1023720
1024564
1024599
1026413
1027096
1027094
1027072
1023733
1027554
1027158
1025755
1026695
1025990
1024369
1027648
1024373
1025044
1026690
1027171
1025384
1024836
1023704
1025594
1025190
1024448
1026305
1024860
1027302
1024521
1026626
1027504
1025734
1024875
1023714
1026809
1024955
1024432
1024318
1027689
1024114
1027457
1026891
1024845
1024134
1023425
1027066
1023563
1027612
1024236
1023959
1024136
1027562
1027574
1024255
1023355
1025903
1027651
1026817
1024615
1027600
1025648
1025179
1025696
1027135
1023595
1024695
1027684
1027716
1027733
1025468
1024583
1023899
1027551
1024174
1025781
1026052
1023762
1023675
1025062
1024566
1025877
1026507
1025867
1026004
1024331
1024667
1025541
1025855
1025116
1025123
1023484
1027791
1024433
1026115
1023715
1023557
1024057
1023813
1025007
1025642
1026952
1024590
1025846
1023800
1025748
1023798
1025653
1027469
1027739
1025796
1025434
3170835
1026835
1024557
1025739
1024262
1027727
1025177
1027730
1027465
1026472
1027379
1025580
1024075
1027467
1023436
1025615
1024670
1025646
1026506
1027195
1025555
1024883
1023746
1026815
1024153
1027297
1026214
1026595
1027412
1027579
1026846
1026436
1027660
1024486
1025017
1023985
1026107
1026379
1024463
1026037
1024945
1027701
1025174
1025474
1027602
1024022
1027726
1026142
1025639
1024469
1026969
1027489
1027254
1027172
1025039
1023374
1024550
1025952
1026571
1025254
1024281
1023350
1024434
1023511
1026528
1024303
1023397
1027572
1025669
16608374
1025452
1025818
1023422
1027266
1027183
1027745
1023341
1024751
1024347
1024823
1025408
1026272
1025490
1025135
1023909
1027596
1027710
1027249
1024109
1026900
1024437
1026488
1027295
1023491
1023447
1026150
1027361
1024317
1025176
1024562
1025571
1026728
1026510
1025038
1026606
1025156
1026980
1025148
1024570
1024894
1023709
1025985
1027305
1026870
1027084
1027396
1025534
1024647
1023472
1023385
1025363
1025803
1025197
1027509
1025194
1024365
1024771
1026704
1024243
1025882
1025109
1026752
1025759
1023960
1024252
1023396
1025866
1025157
1026629
1025511
1027376
1027306
1026203
1023501
1025811
1025698
1025795
1027269
1025443
1025454
1026948
1025650
1025644
1027792
1026722
1027737
1026964
1026882
1027583
1025340
1023702
1024052
1024565
1023380
1027240
1023713
1026708
1027475
1024150
1026144
1024484
1026463
1025665
1024781
1023597
1026084
1026647
1023735
1027729
1027755
1026779
1025682
1023783
1027751
1027002
1025380
1024810
1025245
1026633
1026393
1027763
1025925
1024579
1023727
1024101
1027404
1025797
1027557
1025783
1026111
1027179
1024238
1026381
1026694
1025198
1026678
1025850
1025209
1027120
1238118
1025387
1027692
1026824
1027127
1024167
1024607
1023814
1027720
1023528
1025360
1026577
1023358
1024076
1027078
1025544
1027414
1027494
1023606
1025913
1024595
1026077
1026699
1024269
1023929
1025970
16608313
1026026
1238145
1024614
1238146
1238147
1025091
1027276
1026455
1025471
1026244
1027776
1024848
1025557
1026426
1023433
1027734
1024258
1023596
1027696
1026789
1026212
1024002
1024758
1024047
1027199
1027052
1027223
1026538
1024782
1025958
1026429
1026289
1024645
1027197
1023711
1027101
1025861
1026911
1027619
1024231
1025450
1024143
1024056
1023366
1025141
1027369
1027680
1026581
1027293
1023523
1025975
1024571
1023386
1024539
1025501
1026852
1026331
1025092
1024626
1026010
1023343
1025288
1024046
1025532
1024186
1026707
1025991
1027523
1023945
1026476
1026215
1026075
1024011
1025066
1025708
1026877
1027248
1026302
1026719
1025315
1027353
1025856
1027666
1024577
1023971
1027542
1027417
1025772
1025933
1024189
1026468
1025014
1024850
1023917
1026127
1026197
1027421
1026688
1026875
1027392
1023976
1024480
1027271
1024401
1023535
1027443
1026262
1023902
1024090
1024575
1027460
1026893
1023850
1025080
1025155
1025724
1025707
1026102
1026865
1238017
1026448
1024503
1023788
1023968
1024245
1025375
1024232
1024135
1024220
1024824
1026028
1026499
1023684
1024510
1023948
1025192
1026530
1024761
1027706
1023547
1027023
1024723
1024430
1027466
1024087
1026547
1027490
1024202
1023868
1026748
1024721
1027394
1238239
1025372
1027798
1023639
1025606
1238245
1023998
1024913
1238206
1026329
1023625
1024193
1026487
1027793
1025398
1025567
1024345
1027259
1026951
1024130
1026502
1026040
1023430
1025137
1025249
1025872
1026925
1024386
1027205
1023505
1025677
1026023
1026790
1024516
1026241
1027281
1026545
1024764
1024686
1023461
1023688
1024200
1026861
1023780
1025463
1026769
1024921
1023530
1027177
1027674
1026347
1025754
1027119
1023892
1027742
1025095
1023718
1026100
1027514
1024580
1023408
1023745
1238133
1024165
1025154
1023439
1025529
1024660
1026390
1025840
1027593
1024295
1027740
1024930
1027456
1025488
1025078
1026826
1026114
1027082
1027513
1026005
1025321
1026687
1025244
1026548
1027462
1024485
1025308
1023797
1027186
1025504
1238236
1023875
1238255
1026070
1024895
1025182
1023518
1025608
1024021
1025030
1027121
1025191
1024731
1025171
1025439
1025566
1023502
1024361
1025029
1027439
1023460
1026672
1024152
1026110
1024053
1025787
1025930
1026352
1024832
1026697
1025344
1025592
1025426
1026444
1023359
1024030
1025487
1025715
1026365
1024043
1025535
1026582
1023622
1025418
1023956
1027779
1025476
1024830
1024413
1025869
1023375
1025397
1027788
1025659
1024958
1025643
1025295
1024828
1026818
1025671
1027641
1025138
1024137
1026492
1024809
1024092
1024740
1024893
1024792
1026398
1025170
1024711
1027277
3170823
1025142
1025334
1024006
1027780
1024263
1023347
1023593
1027588
1025101
1027459
1027673
1025493
1027785
1023919
1026266
1026151
1027581
1024573
1024567
1027617
1023418
1024748
1027110
1025448
1026949
1026856
1026574
1025231
1024671
1025844
1027547
1024972
1025429
1025260
1024343
1027488
1024054
1023516
1026588
1024451
1027653
1024767
1026889
1024624
1024684
1023763
1024794
1024472
1025716
1025402
1025538
1024403
1026649
1023601
1024541
1024815
1025885
1238062
1024851
1024015
1024203
1024523
1024173
1024037
1024226
1024831
1025656
1024225
1026235
1023900
1024935
1024718
1027151
1024798
1027140
1025105
1026082
1023904
1024504
1025019
1023697
1025895
1024700
1026200
1025961
1026153
1025794
1024148
1025283
1025756
1026425
1024638
1023475
1026901
1025800
1026438
1024676
1023613
1026922
1025587
1023880
1027771
1024655
1025459
1026113
1024196
1023940
1025769
1026926
1025576
1023944
1024796
1027086
1024800
1025721
1027037
1025385
16608336
1026017
1023965
1024878
1024959
1024608
1023861
1026411
1024280
1023533
1023624
1026367
1023982
1023632
1026490
1026459
1024215
1023729
1025392
1023540
1024270
1023830
1025889
1027316
1025943
1026883
1026265
1026090
1024423
1026625
1024527
1024382
1023567
1024533
1026001
1024799
1027188
1024582
1025300
1024784
1025234
1024471
1024204
1025420
1025578
1023860
1027534
1026430
1024339
1026664
1023858
1027044
1027080
1026126
1024461
1025336
1023609
1027308
1025924
1027705
1026864
1025851
1027143
1026974
1027024
1024428
1024394
1024879
1024677
1025258
1024805
1025804
1023361
1025146
1024071
1025777
1024445
1024208
1025021
1023495
1024950
1025458
1024553
1025497
1024780
1023915
1024264
1025280
1026552
1026055
1023423
1024888
1025782
1026774
1026338
1025087
1024863
1024178
1024301
1024099
1026433
1023395
1024024
1025444
1023489
1026416
1025977
1023955
1024166
1024719
1026823
16608307
1023562
1026515
1024233
1025147
1023474
1026057
1025425
1025546
1023934
1024010
1023470
1027296
1024524
1025798
1026364
1024083
1024948
1023592
1023403
1026666
1027190
1026828
1024363
1025328
1027026
1023821
1238200
1238061
1025741
1024816
1024861
1025509
1023476
1025690
1027048
1024804
1026078
1023865
1026762
1025878
1026016
1026973
1026313
1025709
1023740
1025994
1025220
1023469
1025892
1023744
1026124
1025540
1025118
1026186
1025519
1027659
1027507
1025453
1027782
1025296
1024183
1024569
1027784
1025911
1026098
1025953
1026801
1025298
1023724
1024568
1026369
1023360
1024098
1025528
1024250
1026849
1026553
1023522
1025912
1025766
1026724
1025579
1027393
1026108
1026175
1027169
1026968
1023772
1025407
1024947
1023775
1026918
1023629
1024482
1025629
1024589
1026572
1026984
1025377
1026686
1026465
1023365
1026880
1238215
1026508
1027237
1026384
1027675
1026477
1027370
1025951
1024588
1023748
1024561
1026462
1026337
1027423
1026842
1025908
1025516
1023893
1027115
1026270
1023784
1025411
1026714
1024664
1024578
1027481
1027698
1026233
1025786
1027131
1027711
1027697
1023373
1024495
1026047
1026441
1027582
1026362
1025367
1027233
1023700
1024976
1023890
1027530
1025577
1023415
1026725
1026524
1027111
1025658
1027132
1027502
1023818
1024410
1024474
1023543
1024770
1026982
1025313
1026091
1024605
1023631
1025956
1026089
1024066
1023603
1025042
1025713
1026777
1025634
1025370
1026280
1025558
1023570
1027357
1027728
1026248
1026392
1026267
1024755
1024974
1024444
1024293
1025281
1026003
1027182
1026584
1023443
1027644
1027665
1024177
1027153
1025738
1027267
1027470
1024866
1026129
1025032
1027685
1026855
1024535
1023819
1024344
1023405
1024185
1025842
1027027
1026989
1025573
1025169
1027046
1027133
1024435
1027033
1025868
1025940
1025400
1027713
1023556
1026049
1027246
1023638
1023737
1027797
1023431
1025292
1023905
1027545
1027694
1026324
1027242
1026011
1027790
1026723
1025575
1027695
1024708
1025036
1026731
1024717
1026159
1027156
1024426
1026927
1025235
1027070
1025760
1026529
1025108
1027274
1027584
1024488
1025914
1025061
1024827
1023758
1026457
1024061
1027147
1027273
1025854
1023481
1025054
1025950
1024511
1023607
1026210
1026601
1023517
1026692
1026541
1024170
1023839
1026868
1026783
1026069
1026848
1025433
1027178
1026328
1026008
1025512
1026344
1027245
1026797
1025414
1025839
1023466
1023587
1024938
1023421
1026062
1024744
1027418
1027676
1027155
1023539
1023512
1025333
1025823
1026942
1025539
1023707
1025583
1026377
1026813
1026242
1025389
1026330
1026339
1026143
1023497
1024980
1027497
1024586
1026781
1026485
1026897
1025214
1026754
1027239
1024466
1025663
1027515
1025630
1026956
1025388
1023500
1027762
1024449
1023499
1023520
1026032
1025848
1024145
1238219
1023492
1026251
1025522
1026494
1024104
1026179
1027378
1026662
1025611
1027068
1024307
1024707
1027030
1024411
1025489
1026222
1027019
1025862
1026259
1027387
1025025
1026094
1025988
16608344
1027009
1027454
1025413
1027008
1025638
1024520
1025033
1026995
1027145
1026589
1027589
1025481
1025784
1027707
1027735
1025939
1024254
1026060
1027017
1025901
1026967
1024528
1026051
1026785
1027244
1026994
1023524
1027065
1024526
1027108
1027226
1026996
1027192
1026176
1027011
1025115
1027012
1024221
1024886
1024031
1025922
1025467
1023356
1025905
1023876
1023824
1025527
1027407
1024650
1024436
1027073
1024897
1023440
1027045
1026756
1023906
1027018
1026303
1024473
1025379
1026985
1024687
1027004
1023608
1023640
1027715
1023752
1025681
1027010
1027510
1024038
1025309
1024519
1025477
1023363
1025664
1024692
1025675
1027388
1027312
1027664
1026585
1027109
1026924
1027578
1027535
1025150
1027032
1026990
1025180
1023464
1027114
1024611
1026986
1023564
1027041
1027571
1023895
1027104
1027063
1026902
1024049
1026368
1024630
1024074
1026981
1024603
1027016
1024194
1023456
1027210
1026333
1026950
1023618
1025052
1024477
1024779
1026729
1025162
1023705
1023546
1025304
1027319
1026074
1025647
1024752
1024841
1023963
1024773
1238182
1024175
1025826
1026971
1026770
1027721
1026249
1024507
1026961
1025569
1025382
1023473
1024840
1027464
1024859
1026525
1025206
1027667
1024248
1025440
1024121
1026702
1027527
1024732
1027472
1027322
1027567
1025166
1027444
1026236
1026012
1023438
1024367
1025701
1238037
1025100
1026965
1026180
1238188
1023674
1024320
1238071
1024741
1238063
1024138
1025119
1026896
1023664
1023983
1027428
1024199
1238106
1238207
1024622
1027217
16608316
1024364
1025441
1027500
16608303
1023534
1026578
1026598
1238005
1023490
1026599
1023670
1023465
1023773
1238084
1238083
1024378
1238038
1238131
1024415
1024316
1025355
1024085
1025241
1023835
1024212
1023681
1023643
1238240
1238082
16608361
1025056
1023806
1026460
1026782
3170826
1023778
1023757
1026387
16608325
1024937
1024838
1025745
1025251
1027556
1238007
1238111
1237993
1024726
1023382
1238251
1026608
1026775
1026216
1238010
1238021
1025437
1238204
5563318
5563319
1238054
16608358
1025219
1026412
1025349
1025604
1023742
1023887
1237997
1237998
1238043
1238132
1238256
1237996
1238032
1238001
1238012
1023840
1025746
1238025
1238056
1238013
1238022
1025747
1238023
1238024
1238015
1238257
1238026
1025740
16608315
1238035
1238042
1238053
1238033
1238014
1026374
1238034
1238045
1237999
1023970
1238040
1238036
1237992
1025749
1238027
1025203
1025857
3170828
1025297
1238258
1238055
1238029
1238031
1025291
1026771
1237991
1238057
1024327
1238044
1238002
1024932
1238137
1025285
1026640
1026217
1026218
1026152
1238259
1238004
1238030
1023992
1027671
1025216
1026366
1025688
1026209
1238139
1238003
1026410
1238011
3170830
1023809
1026399
1025863
1238000
1238260
1025718
1026279
1025582
1026415
1238162
16608369
1026565
1026095
1238046
1026219
1027492
1027661
1024672
1023379
16608321
1025060
1238028
1026740
1025422
1023621
1026247
1026232
1025358
1025012
1238130
1023620
1238041
1024705
1024396
1027056
1027626
1025399
1023348
1026282
16608312
16608345
1027632
16608311
1024350
1027429
1027764
1026117
1026065
1027344
1024416
1026400
1027631
1238051
1238052
1027691
1238049
16608327
1238185
1025652
1024395
1025069
1023679
1238050
1238048
1238103
1027630
1024957
1023441
1026308
1027628
1025322
1238203
16608371
16608317
1023442
1026879
3170839
1024329
1027594
1024715
1027294
1025574
1023764
1024335
1023696
1024353
1238018
1238081
1238173
1024513
1024048
1023691
1023656
1025076
1025072
1023689
1023685
1025264
1238006
1025585
1025201
1027340
1025684
1024151
1025265
1023692
1026056
1027520
1025623
1026544
1238193
1025023
1026716
1024733
1025127
1023695
1024125
1024375
1026466
1027553
1024095
1026936
1023636
1025077
1023690
1025299
1026206
1238197
1238220
1026630
1026602
1238121
1238231
1026592
1026615
1025210
1238058
1238059
1238234
1024078
1025419
1026932
1025084
1238217
1025902
1026405
1026597
16608375
1026518
16608323
16608338
1025343
1027508
1023671
3170831
3170833
1023849
1024088
1024093
1024470
1238169
1238087
1238086
3170840
1023673
1238199
1026787
1023434
1026735
1238222
1024149
1238194
1238190
1026414
1024555
1026432
1027043
1027051
1027731
1025031
1024424
1024290
1025236
1026310
1025289
1027325
1024213
1024192
1024680
1025631
1025801
1027591
1023507
16608333
1026744
1024253
1024007
1027629
1024613
1023698
1023749
1025067
1026930
1024027
1024929
1026246
1238202
1024725
1026086
1238235
1238210
1024131
1026623
1025820
1238075
1024003
1027400
1238226
1023961
1024928
1026252
1024917
1238223
1238181
1025020
1238143
1238140
1238141
1238142
1238144
1023694
1026511
1027029
1238168
1027704
1023816
1026177
1025791
1238163
1238165
1026370
1024628
1025689
1026154
1026617
1238109
1025827
1024108
1023962
16608318
1026389
1026204
1025864
1023477
1025345
1025229
1024492
1024871
1026427
1027039
1025765
1024906
1238153
1027100
1027613
1024998
1025720
1027672
1027062
1025120
1026371
16608305
1025356
1026314
1023777
1025750
1238098
1238253
1238246
1024786
1238243
1025011
1238242
1025240
1026168
1027055
1023419
1025762
1024982
1026281
1024357
1026890
1026894
1026059
1023883
1023525
1024702
1024251
1024905
1025523
1024910
1025572
1024843
1024325
1023779
1024146
1025112
1027411
1024313
1024693
1025275
1027436
1024210
1027432
1027351
1024907
1026120
1027170
1026173
1024591
1027374
1024922
1027364
1026999
1026680
1026375
1026406
1026804
1027775
1026898
1027397
1026603
1027329
1027330
1026157
1024750
1025252
1027750
1024975
1023351
1024757
1025339
1027074
1025352
1027282
1026827
1024593
1023931
1026257
1025337
1027173
1024931
1026841
1026632
1026579
1026619
1238108
1027060
1025937
1024537
1026421
1026258
1027524
1024709
1025338
1023979
1026194
1024636
1026006
1026489
1023842
1023451
1023637
1024023
1026474
1025126
1025817
1027360
1238085
1023661
1025465
1026550
1025159
1025484
